0 0.51960784296875 0.67584763046875 0.59640522890625 0.7297691992187499 0.61274509765625 0.72159926484375 0.6209150328125 0.70852736953125 0.616013071875 0.68074959140625 0.55392156875 0.6251940359375 0.53267973828125 0.6251940359375 0.51633986953125 0.63989991796875 0.5130718953125 0.66277573515625 0.51960784296875 0.67584763046875
0 0.10294117656249999 0.7150633171874999 0.22736943203124999 0.757444853125 0.26616590390625 0.78603962421875 0.28556413984375 0.79676266328125 0.30240997578125 0.7880821078125 0.30649381484375 0.77021037578125 0.29738562109375 0.754279003125 0.24836601328125002 0.7166973039062501 0.11601307187500001 0.6693116828125001 0.1078431375 0.6693116828125001 0.09640522890625 0.6856515523437501 0.08986928125 0.70689338203125 0.10294117656249999 0.7150633171874999
0 0.43954248359375 0.55166462421875 0.44607843125 0.5582005718749999 0.4607843140625 0.55656658515625 0.61274509765625 0.5140829250000001 0.62745098046875 0.5010110296875 0.6290849671875 0.47650122578125 0.616013071875 0.46016135625 0.599044484375 0.45924223828125 0.44771241796875005 0.50591298984375 0.42973856171874997 0.5189848859375 0.428104575 0.53042279375 0.43954248359375 0.55166462421875
0 0.58333333359375 0.46179534296874997 0.6041492828125 0.45771037578125 0.61691128046875 0.46128472187499997 0.6312047171875 0.47609272890625 0.6429457546874999 0.46230596406249996 0.64039335546875 0.39337214062500003 0.6388888890625 0.3670241015625 0.63071895390625 0.344148284375 0.61928104609375 0.3343443625 0.60130718984375 0.33271037578125 0.59150326796875 0.3392463234375 0.58660130703125 0.35231821874999997 0.58169934609375 0.45852736953125 0.58333333359375 0.46179534296874997
0 0.75014653125 0.43626429765625 0.74836601328125 0.46342932968749995 0.7549019609375 0.47486723828125 0.7859477125 0.48467116015625 0.8037469203125 0.38673406875 0.8202614382812501 0.31800449375 0.812091503125 0.30493259765624997 0.7990196078125 0.29839665000000004 0.77450980390625 0.29349468984375 0.7700552468749999 0.30503472187499997 0.7603561296875 0.3841809640625 0.75014653125 0.43626429765625
0 0.85234165 0.57923815390625 0.837027253125 0.61498161796875 0.8681665265625 0.61549223828125 0.89624292109375 0.6231515523437501 0.90492107890625 0.60630106171875 0.90951539765625 0.5914930554687501 0.910025878125 0.56800449375 0.93627451015625 0.3751940359375 0.8970588234375001 0.3653901140625 0.8823529414062501 0.370292075 0.8528521296875 0.56238766328125 0.85234165 0.57923815390625
0 1 0.2853247546875 0.9253564921875 0.288694853125 0.9131049750000001 0.2927798203125 0.9049372968749999 0.2978860296875 0.90800017578125 0.30963031015625 0.9133986929687501 0.32454044140625 0.9297385617187499 0.34088031015625 1 0.33761233671875 1 0.2853247546875
0 0.4979720046875 0.318310865625 0.52298551875 0.34588439531250004 0.5321741570312499 0.36630923203125 0.54901999375 0.42400939531250004 0.56045751640625 0.43401756562499993 0.580065359375 0.42748161796875 0.5849673203125 0.41767769609374994 0.585264065625 0.35558619296875 0.56994966875 0.30809844765625 0.531153196875 0.26878063750000003 0.5071606421875 0.24069648671875 0.48980432578125 0.23814338203125002 0.46887465078124996 0.25244076796875003 0.46172793203125 0.27746119296875 0.4979720046875 0.318310865625
0 0 0.6664894609375 0.00015821484375 0.69719158515625 0.013071895312500002 0.7150633171874999 0.06862745078125 0.7608149507812499 0.098039215625 0.772252859375 0.11764705859374999 0.7689848859375 0.13235294140625 0.7461090687499999 0.13235294140625 0.7330371734375001 0.09510747421875 0.7165951796875001 0.03997564609375 0.6619587421875 0 0.59868866328125 0 0.6664894609375
0 0.00015821484375 0.5787275328125 0.07213587890624999 0.5935355390625 0.1748366015625 0.612122140625 0.18291001484375 0.59557802265625 0.1844414546875 0.5746425656249999 0.17973856171875 0.5614685460937501 0.09357603437499999 0.5470690359375 0.01470588203125 0.53042279375 0 0.53042279375 0.00015821484375 0.5787275328125
0 0.14921834218750002 0.5072406046875 0.13084106640624998 0.5302185460937501 0.12063146875 0.54911151953125 0.177302915625 0.5598345585937501 0.18240771484375 0.55472835 0.20751633984375 0.52061887265625 0.23497896406250002 0.46281658515624996 0.25163398671875 0.43238357812499995 0.25386671953125 0.41277573515625 0.23344752421875 0.39541462421875 0.21568627421875003 0.398069853125 0.20486065078125 0.40818014687500004 0.16912705781249998 0.47251838203125 0.14921834218750002 0.5072406046875
0 0.16339869296875 0.398069853125 0.18464052265625 0.396435865625 0.20261437890625 0.37846201015625003 0.2048842015625 0.353543709375 0.2120309203125 0.31984272890625 0.23202614375000002 0.22159926484375 0.23202614375000002 0.20852736953125 0.21732026171875002 0.1970894609375 0.19824796328125 0.1962724671875 0.189059325 0.20546364375 0.18089164687499998 0.2478451796875 0.15587813203125 0.36222426484375003 0.152815253125 0.38826593125 0.16339869296875 0.398069853125
0 0.06535947734375 0.26735089843750004 0.12745098046875 0.27878880703125 0.17987068671875 0.24835580078125 0.19110124453125 0.200357434375 0.20284228203125002 0.19576184609375 0.2247929171875 0.20188929765625 0.23347107578125 0.2095486109375 0.2355129953125 0.21669730390625 0.26960784296875 0.1921875 0.22224051796875002 0.1921875 0.17647058828125 0.1921875 0.10431966328125 0.22997344765625 0.07679738593749999 0.2412071078125 0.06372548984375001 0.254279003125 0.06535947734375 0.26735089843750004