0 0 0.404 0.003 0.404 0.012 0.40099999999999997 0.016 0.395 0.026000000000000002 0.393 0.032 0.387 0.032 0.38 0.001 0.319 0 0.324125 0.005 0.327 0.005 0.32999999999999996 0 0.32925 0 0.404
0 0.172 0.385 0.263 0.365 0.27799999999999997 0.352 0.27799999999999997 0.33999999999999997 0.274 0.32799999999999996 0.24900000000000003 0.32599999999999996 0.16799999999999998 0.33799999999999997 0.158 0.34199999999999997 0.15 0.354 0.153 0.379 0.172 0.385
0 0.006 0.6849999999999999 0.1 0.7230000000000001 0.11200000000000002 0.722 0.15516549140625 0.7 0.146 0.6950000000000001 0.11874698046875001 0.68285714296875 0.0951820625 0.6742857140625 0.08090029296875 0.66785714296875 0.0680467015625 0.66357142890625 0.057335375 0.6571428570312501 0.002 0.631 0 0.6809999999999999 0.006 0.6849999999999999
0 0.118 0.751 0.121 0.754 0.133 0.752 0.156 0.741 0.16 0.733 0.181 0.73 0.21800000000000003 0.713 0.22200000000000003 0.7070000000000001 0.23199999999999998 0.706 0.298 0.673 0.292 0.64 0.28300000000000003 0.635 0.264 0.642 0.176 0.6910000000000001 0.11299999999999999 0.721 0.10800000000000001 0.729 0.118 0.751
0 0.217 0.753 0.23199999999999998 0.751 0.244 0.744 0.258 0.747 0.302 0.724 0.313 0.705 0.325 0.6990000000000001 0.33399999999999996 0.687 0.344 0.686 0.353 0.6910000000000001 0.367 0.689 0.40599999999999997 0.667 0.41200000000000003 0.659 0.40199999999999997 0.647 0.398 0.634 0.387 0.626 0.348 0.644 0.296 0.675 0.24900000000000003 0.696 0.20600000000000002 0.722 0.20299999999999999 0.728 0.217 0.753
0 0.43899999999999995 0.6809999999999999 0.502 0.8119999999999999 0.507 0.8310000000000001 0.512 0.835 0.522 0.835 0.5650000000000001 0.8300000000000001 0.567 0.8230000000000001 0.563 0.8140000000000001 0.48 0.648 0.471 0.641 0.458 0.639 0.43600000000000005 0.654 0.43499999999999994 0.67 0.43899999999999995 0.6809999999999999
0 0.397 0.8960000000000001 0.41100000000000003 0.901 0.434 0.9 0.53 0.883 0.603 0.877 0.615 0.8699999999999999 0.617 0.853 0.612 0.833 0.603 0.828 0.517 0.833 0.472 0.8390000000000001 0.44000000000000006 0.85 0.395 0.8539999999999999 0.382 0.8789999999999999 0.382 0.8859999999999999 0.397 0.8960000000000001
0 0.41 0.852 0.45999999999999996 0.841 0.483 0.818 0.481 0.8029999999999999 0.46799999999999997 0.7929999999999999 0.45199999999999996 0.7929999999999999 0.40199999999999997 0.8470000000000001 0.40199999999999997 0.852 0.41 0.852
0 0.318 0.9570000000000001 0.33399999999999996 0.954 0.395 0.9179999999999999 0.409 0.901 0.388 0.891 0.381 0.8800000000000001 0.376 0.8789999999999999 0.316 0.945 0.314 0.953 0.318 0.9570000000000001
0 0.73 0.8109999999999999 0.755 0.819 0.763 0.8300000000000001 0.7809999999999999 0.8300000000000001 0.7929999999999999 0.8240000000000001 0.8009999999999999 0.808 0.8009999999999999 0.798 0.795 0.787 0.778 0.78 0.734 0.743 0.7190000000000001 0.747 0.6990000000000001 0.766 0.701 0.788 0.73 0.8109999999999999
0 0.619 0.851 0.625 0.8560000000000001 0.632 0.8550000000000001 0.6599999999999999 0.842 0.669 0.8320000000000001 0.689 0.825 0.716 0.806 0.716 0.8 0.7 0.7849999999999999 0.6990000000000001 0.767 0.717 0.745 0.7307744328125 0.74214285703125 0.7407716703125 0.74785714296875 0.745 0.756 0.76219432421875 0.77 0.788 0.759 0.828 0.741 0.826 0.724 0.807 0.696 0.796 0.697 0.706 0.746 0.693 0.759 0.625 0.8009999999999999 0.614 0.8119999999999999 0.613 0.825 0.619 0.851
0 0.362 1 0.374 0.9970000000000001 0.4 0.976 0.47300000000000003 0.942 0.481 0.9259999999999999 0.483 0.899 0.48 0.8960000000000001 0.45999999999999996 0.8960000000000001 0.425 0.9039999999999999 0.268 0.991 0.273 1 0.362 1
0 0.624 0.621 0.721 0.644 0.75 0.647 0.765 0.654 0.7849999999999999 0.6519999999999999 0.8029999999999999 0.643 0.82 0.642 0.834 0.626 0.8320000000000001 0.621 0.8130000000000001 0.614 0.634 0.575 0.62 0.592 0.619 0.613 0.624 0.621
0 0.41200000000000003 0.629 0.421 0.632 0.476 0.623 0.499 0.615 0.521 0.615 0.617 0.596 0.633 0.572 0.644 0.572 0.645 0.567 0.641 0.545 0.633 0.54 0.622 0.545 0.43200000000000005 0.5730000000000001 0.40599999999999997 0.58 0.40599999999999997 0.614 0.41200000000000003 0.629
0 0.457 0.567 0.495 0.5650000000000001 0.5900000000000001 0.5469999999999999 0.615 0.548 0.619 0.542 0.63 0.542 0.628 0.514 0.625 0.513 0.537 0.523 0.42800000000000005 0.521 0.425 0.5389999999999999 0.42699999999999994 0.564 0.457 0.567
0 0.348 0.5940000000000001 0.39592100703125 0.575 0.42000000000000004 0.5599999999999999 0.426 0.519 0.355 0.541 0.33799999999999997 0.5519999999999999 0.335 0.562 0.333 0.579 0.348 0.5940000000000001
0 0.434 0.524 0.5549999999999999 0.523 0.629 0.513 0.634 0.516 0.636 0.511 0.6395 0.516 0.6559999999999999 0.516 0.659 0.506 0.655 0.487 0.634 0.47800000000000004 0.42800000000000005 0.488 0.425 0.493 0.426 0.518 0.434 0.524
0 0.363 0.42000000000000004 0.395 0.44699999999999995 0.41100000000000003 0.41900000000000004 0.41100000000000003 0.41200000000000003 0.393 0.371 0.365 0.367 0.35 0.389 0.35 0.398 0.363 0.42000000000000004
0 0.367 0.5349999999999999 0.409 0.523 0.45099999999999996 0.44299999999999995 0.49800000000000005 0.367 0.504 0.348 0.47853238203125 0.3352631578125 0.46485195078124997 0.3342105265625 0.4532762015625 0.34842105234375 0.404 0.43099999999999994 0.392 0.45999999999999996 0.353 0.518 0.352 0.524 0.367 0.5349999999999999
0 0.471 0.445 0.514 0.45599999999999996 0.5700000000000001 0.481 0.611 0.47800000000000004 0.623 0.457 0.621 0.45099999999999996 0.602 0.44400000000000006 0.508 0.41900000000000004 0.484 0.418 0.477 0.413 0.46699999999999997 0.41500000000000004 0.457 0.43 0.45599999999999996 0.43499999999999994 0.471 0.445
0 0.636 0.288 0.6769999999999999 0.356 0.689 0.365 0.7190000000000001 0.367 0.73 0.363 0.728 0.352 0.7190000000000001 0.34199999999999997 0.667 0.248 0.649 0.242 0.629 0.258 0.628 0.266 0.636 0.288
0 0.8029999999999999 0.333 0.835 0.353 0.844 0.354 0.85 0.362 0.873 0.366 0.881 0.381 0.908 0.388 0.93 0.388 0.9380000000000001 0.381 0.9390000000000001 0.364 0.9349999999999999 0.356 0.8310000000000001 0.29500000000000004 0.8230000000000001 0.29100000000000004 0.808 0.29300000000000004 0.796 0.307 0.795 0.319 0.8029999999999999 0.333
0 0.9039999999999999 0.337 0.916 0.32799999999999996 0.9199999999999999 0.319 0.914 0.305 0.853 0.275 0.836 0.273 0.82 0.284 0.8210000000000001 0.292 0.9039999999999999 0.337