0 1 0.8122395835937499 0.97395833359375 0.80390625 0.915625 0.79557291640625 0.87291666640625 0.79453125 0.85625 0.7966145835937499 0.85 0.8049479164062501 0.85104166640625 0.82161458359375 0.86145833359375 0.83307291640625 1 0.83307291640625 1 0.8122395835937499
0 0.78125 0.75911458359375 0.79375 0.75703125 0.80729166640625 0.76744791640625 0.81875 0.76744791640625 0.83125 0.76119791640625 0.8395833335937499 0.74557291640625 0.834375 0.72786458359375 0.81145833359375 0.71536458359375 0.78333333359375 0.72265625 0.77291666640625 0.73515625 0.77395833359375 0.75078125 0.78125 0.75911458359375
0 0.76770833359375 0.83307291640625 0.75729166640625 0.82369791640625 0.75208333359375 0.8122395835937499 0.7385416664062501 0.80182291640625 0.71979166640625 0.81119791640625 0.709375 0.82578125 0.7072916664062501 0.83307291640625 0.76770833359375 0.83307291640625
0 0.5197916664062501 0.77682291640625 0.56041666640625 0.82578125 0.575 0.83307291640625 0.63020833359375 0.83307291640625 0.628125 0.82682291640625 0.61145833359375 0.81848958359375 0.58020833359375 0.77682291640625 0.578125 0.76848958359375 0.56041666640625 0.75286458359375 0.54583333359375 0.73203125 0.5375 0.72890625 0.52083333359375 0.73098958359375 0.5041666664062501 0.74765625 0.50729166640625 0.76953125 0.5197916664062501 0.77682291640625
0 0.33333333359375 0.8122395835937499 0.37083333359375004 0.83307291640625 0.40416666640625004 0.83307291640625 0.40520833359374997 0.81744791640625 0.40104166640625005 0.80390625 0.36875 0.77057291640625 0.34583333359375 0.76223958359375 0.32708333359375 0.7736979164062501 0.32604166640625 0.79348958359375 0.33333333359375 0.8122395835937499
0 0.06666666640624999 0.83307291640625 0.10729166640625001 0.82994791640625 0.11875 0.82161458359375 0.12708333359375 0.72786458359375 0.11354166640625 0.71223958359375 0.09791666640624999 0.71015625 0.084375 0.71953125 0.065625 0.80182291640625 0.06354166640625 0.82473958359375 0.06666666640624999 0.83307291640625
0 0.20625 0.71536458359375 0.22604166640624998 0.74036458359375 0.24270833359375002 0.74661458359375 0.25208333359375 0.72057291640625 0.253125 0.69869791640625 0.225 0.63203125 0.21145833359375002 0.62265625 0.20208333359375003 0.62265625 0.18541666640625 0.63203125 0.178125 0.64453125 0.178125 0.65807291640625 0.20625 0.71536458359375
0 0.28333333359375 0.61848958359375 0.29583333359375 0.6247395835937499 0.51666666640625 0.67786458359375 0.53229166640625 0.67578125 0.5427083335937499 0.65703125 0.5427083335937499 0.63203125 0.5354166664062501 0.62682291640625 0.39583333359375 0.58411458359375 0.328125 0.5705729164062501 0.31875 0.56119791640625 0.28645833359375 0.56640625 0.278125 0.58411458359375 0.278125 0.61119791640625 0.28333333359375 0.61848958359375
0 0.4 0.58828125 0.44166666640625 0.59765625 0.45104166640625004 0.58098958359375 0.45833333359374995 0.5549479164062501 0.50104166640625 0.51223958359375 0.496875 0.48203125 0.48854166640625 0.47473958359374996 0.471875 0.47890625 0.43645833359374997 0.52994791640625 0.40208333359375 0.5622395835937499 0.396875 0.57265625 0.39583333359375 0.58098958359375 0.4 0.58828125
0 0.225 0.5236979164062501 0.24270833359375002 0.5309895835937499 0.25104166640625 0.52890625 0.2625 0.51744791640625 0.271875 0.50078125 0.26979166640624996 0.48932291640625003 0.246875 0.46640625 0.23125 0.47161458359374997 0.22083333359375001 0.48828125 0.21979166640624997 0.50598958359375 0.225 0.5236979164062501
0 0.25208333359375 0.45286458359375 0.29479166640625 0.51328125 0.30104166640624996 0.52994791640625 0.31458333359375 0.52578125 0.328125 0.51015625 0.33541666640625 0.49140625 0.3125 0.44661458359374995 0.26145833359375004 0.37473958359375004 0.24479166640625 0.37057291640625 0.234375 0.35807291640625 0.22604166640624998 0.35807291640625 0.21875 0.36328125 0.22083333359375001 0.39557291640625 0.25208333359375 0.45286458359375
0 0.030208333593749997 0.35286458359375 0.03854166640625 0.35598958359375 0.054166666406249994 0.35390625 0.06041666640625 0.34348958359375004 0.059375 0.32994791640625 0.028125 0.25390625 0.015625 0.25078125 0.003125 0.26119791640625 0.0052083335937500004 0.28828125 0.030208333593749997 0.35286458359375
0 0.07291666640625 0.24036458359375001 0.0875 0.24244791640625 0.1 0.23515625 0.10625 0.22578125 0.11041666640625 0.20598958359375003 0.10104166640625001 0.19661458359375 0.06770833359375 0.19453125 0.054166666406249994 0.20390625 0.055208333593750006 0.22473958359375001 0.07291666640625 0.24036458359375001
0 0.13958333359375 0.34869791640625 0.15104166640625 0.35598958359375 0.171875 0.35598958359375 0.203125 0.33828125 0.21458333359375 0.32578125 0.21875 0.31119791640625 0.22604166640624998 0.30703125 0.22708333359375002 0.30182291640625 0.20416666640624997 0.29140625 0.18854166640625 0.29348958359375 0.14583333359375 0.31223958359375004 0.13645833359374998 0.32578125 0.13541666640625 0.33828125 0.13958333359375 0.34869791640625
0 0.26770833359375 0.28515625 0.28645833359375 0.28203125 0.30520833359375 0.26848958359375 0.31041666640625 0.25703125 0.309375 0.23828125 0.29166666640625 0.22890625 0.26041666640625 0.23723958359375003 0.246875 0.24661458359375002 0.24270833359375002 0.26015625 0.26770833359375 0.28515625
0 0.290625 0.36536458359375 0.29791666640625 0.36953125 0.30208333359375 0.36640625 0.309375 0.34036458359375 0.31145833359375 0.31015625 0.31875 0.28828125 0.33020833359375 0.27265625 0.328125 0.24140625 0.32083333359375 0.23723958359375003 0.31770833359375 0.22786458359375 0.30520833359375 0.23203125 0.31041666640625 0.24244791640625 0.30833333359375004 0.26328125 0.28645833359375 0.28515625 0.25729166640625 0.35494791640625 0.25625 0.36328125 0.290625 0.36536458359375
0 0.334375 0.36223958359375 0.34583333359375 0.36328125 0.35833333359375 0.37578125 0.37604166640625 0.38411458359375 0.39895833359375 0.37786458359375 0.40833333359374996 0.35390625 0.41145833359374995 0.32578125 0.43958333359374996 0.27890625 0.440625 0.26432291640625 0.41875 0.24869791640625 0.40104166640625005 0.25182291640625 0.38125 0.34244791640625 0.375 0.34244791640625 0.33854166640625 0.31640625 0.33333333359375 0.31640625 0.32708333359375 0.32578125 0.325 0.35078125 0.334375 0.36223958359375
0 0.40729166640625003 0.50390625 0.41875 0.51015625 0.42604166640625 0.51015625 0.44166666640625 0.49453125 0.50520833359375 0.38619791640625 0.50729166640625 0.37265625 0.49583333359375 0.35911458359375004 0.478125 0.35494791640625 0.46666666640625004 0.36536458359375 0.40104166640625005 0.48203125 0.4 0.48932291640625003 0.40729166640625003 0.50390625
0 0.50625 0.37057291640625 0.503125 0.39348958359375 0.52916666640625 0.42682291640625003 0.54166666640625 0.42890625 0.55416666640625 0.41328125 0.55416666640625 0.39453125 0.5427083335937499 0.37786458359375 0.546875 0.34765625 0.54375 0.33515625 0.52916666640625 0.32578125 0.5197916664062501 0.32578125 0.50520833359375 0.33307291640625 0.49270833359375 0.34661458359375 0.49166666640625 0.35703125 0.50625 0.37057291640625
0 0.5114583335937499 0.49348958359374995 0.52916666640625 0.49869791640625005 0.72395833359375 0.38828125 0.740625 0.37578125 0.73958333359375 0.36015625 0.72916666640625 0.34453125 0.715625 0.34036458359375 0.503125 0.46119791640625 0.50208333359375 0.47473958359374996 0.5114583335937499 0.49348958359374995
0 0.47291666640625 0.47473958359374996 0.48854166640625 0.47473958359374996 0.49791666640625004 0.48515625 0.50208333359375 0.49140625 0.50208333359375 0.50598958359375 0.54583333359375 0.55807291640625 0.553125 0.55911458359375 0.58333333359375 0.54244791640625 0.58854166640625 0.52682291640625 0.5583333335937499 0.48203125 0.52992237890625 0.49869791640625005 0.5136074414062499 0.494878471875 0.510136178125 0.48585069453124996 0.50215227265625 0.47578125 0.5031936515625001 0.46223958359374995 0.50625 0.45807291640625003 0.528125 0.44661458359374995 0.5375 0.43619791640625005 0.5354166664062501 0.43098958359374995 0.50729166640625 0.42578125 0.4875 0.42786458359374996 0.475 0.44036458359374997 0.46666666640625004 0.45703125 0.465625 0.46432291640625 0.47291666640625 0.47473958359374996
0 0.73229166640625 0.5236979164062501 0.74691891015625 0.5254340281250001 0.7521258054687501 0.5240451390625 0.7562913210937501 0.522309028125 0.759762584375 0.52057291640625 0.764622353125 0.5136284718749999 0.76770833359375 0.50911458359375 0.77083333359375 0.49661458359375 0.7697916664062501 0.41536458359374995 0.75625 0.40182291640625 0.74375 0.39869791640624996 0.73125 0.40390625 0.72083333359375 0.41848958359375 0.72708333359375 0.5153645835937499 0.73229166640625 0.5236979164062501
0 0.58541666640625 0.59973958359375 0.60104166640625 0.61536458359375 0.6604166664062501 0.61328125 0.69791666640625 0.61640625 0.721875 0.61015625 0.72604166640625 0.59973958359375 0.725 0.58411458359375 0.72083333359375 0.57682291640625 0.703125 0.56848958359375 0.61979166640625 0.56328125 0.59166666640625 0.55703125 0.58333333359375 0.56953125 0.5822916664062501 0.58932291640625 0.58541666640625 0.59973958359375
0 0.56041666640625 0.62994791640625 0.56145833359375 0.63619791640625 0.56458333359375 0.63932291640625 0.5666666664062501 0.63932291640625 0.5666666664062501 0.64140625 0.57604166640625 0.64973958359375 0.578125 0.64973958359375 0.58125 0.65390625 0.58854166640625 0.65494791640625 0.596875 0.65078125 0.596875 0.64765625 0.6 0.64348958359375 0.6 0.63932291640625 0.60208333359375 0.63723958359375 0.603125 0.61953125 0.59895833359375 0.61119791640625 0.590625 0.60598958359375 0.58020833359375 0.58515625 0.57604166640625 0.58307291640625 0.57083333359375 0.58307291640625 0.5666666664062501 0.58515625 0.5625 0.58932291640625 0.5583333335937499 0.59869791640625 0.55729166640625 0.6247395835937499 0.56041666640625 0.62994791640625
0 0.8479166664062501 0.6403645835937499 0.85729166640625 0.64140625 0.86666666640625 0.63203125 0.88333333359375 0.60494791640625 0.90104166640625 0.58411458359375 0.903125 0.56953125 0.9 0.56119791640625 0.88854166640625 0.5466145835937499 0.88020833359375 0.54244791640625 0.87291666640625 0.54244791640625 0.859375 0.55286458359375 0.815625 0.59973958359375 0.81354166640625 0.61432291640625 0.8479166664062501 0.6403645835937499
0 0.85104166640625 0.56015625 0.85416666640625 0.56015625 0.86875 0.54453125 0.88020833359375 0.54244791640625 0.88958333359375 0.54765625 0.89583333359375 0.55390625 0.9 0.56432291640625 0.90416666640625 0.56536458359375 0.90729166640625 0.55911458359375 0.90729166640625 0.53723958359375 0.89895833359375 0.47682291640625 0.884375 0.47057291640625004 0.86145833359375 0.46953125 0.85208333359375 0.47578125 0.84583333359375 0.48619791640625004 0.84375 0.50182291640625 0.85104166640625 0.56015625
0 1 0.51015625 0.99375 0.51119791640625 0.99375 0.51223958359375 0.9802083335937499 0.51328125 0.9802083335937499 0.51432291640625 0.97604166640625 0.5153645835937499 0.97604166640625 0.51744791640625 0.96979166640625 0.52265625 0.96979166640625 0.52473958359375 0.96770833359375 0.52578125 0.96770833359375 0.52786458359375 0.965625 0.52994791640625 0.9645833335937499 0.54348958359375 0.965625 0.54348958359375 0.965625 0.54973958359375 0.96666666640625 0.54973958359375 0.96666666640625 0.55390625 0.96770833359375 0.55390625 0.96875 0.55807291640625 0.97083333359375 0.56015625 0.97708333359375 0.5622395835937499 0.97708333359375 0.56328125 0.98229166640625 0.56328125 0.98541666640625 0.56640625 0.9875 0.56640625 0.99375 0.5705729164062501 1 0.5705729164062501 1 0.51015625
0 0.80416666640625 0.38203125 0.80416666640625 0.38723958359375 0.81458333359375 0.40703125 0.825 0.43723958359375 0.83541666640625 0.44557291640625 0.84895833359375 0.44557291640625 0.86145833359375 0.42890625 0.8625 0.41536458359374995 0.859375 0.40182291640625 0.84895833359375 0.37890625 0.8479166664062501 0.35598958359375 0.83333333359375 0.34557291640625 0.81875 0.34453125 0.80520833359375 0.35078125 0.8 0.35078125 0.796875 0.35703125 0.796875 0.37578125 0.80416666640625 0.38203125
0 1 0.32369791640625 0.99375 0.31640625 0.9104166664062501 0.24973958359375 0.89583333359375 0.25494791640625 0.88333333359375 0.27161458359375 0.88229166640625 0.28098958359375004 0.8965797437499999 0.294878471875 1 0.38411458359375 1 0.32369791640625
0 0.871875 0.25598958359375 0.87395833359375 0.26328125 0.88229166640625 0.27578125 0.8864583335937499 0.26536458359375004 0.89895833359375 0.25286458359375 0.91145833359375 0.24973958359375 0.91875 0.24557291640624998 0.921875 0.23515625 0.921875 0.20182291640625 0.91458333359375 0.19869791640625 0.8947916664062501 0.19973958359375 0.88333333359375 0.20703125 0.87291666640625 0.21848958359375 0.8708333335937499 0.22265625 0.871875 0.25598958359375
0 0.6625 0.25390625 0.68541666640625 0.26328125 0.68958333359375 0.26223958359375 0.72708333359375 0.20286458359375 0.73541666640625 0.19453125 0.73645833359375 0.18411458359375 0.73125 0.17057291640625 0.72708333359375 0.16640625 0.70416666640625 0.16640625 0.69791666640625 0.16848958359375 0.6875 0.18098958359375 0.67291666640625 0.21223958359375 0.659375 0.23411458359375 0.65833333359375 0.24869791640625 0.6625 0.25390625